21.41	20.33	15.81	14.57	14.81	13.57	11.98	10.91	9.46	7.77	5.98	6.16	6.75	7.65	9.13	10.3	12.44	14.15	14.5	14.42	14.83	17.15	18.52	19.19
6.67	12.12	15.84	15.42	13.2	10.53	9.95	10.65	9.83	10.05	10.77	11.1	12.08	12.91	13.32	16.71	16.33	12.93	13.15	12.02	8.98	6.72	4.42	3.19
18.88	18.41	17.43	17.15	15.7	13.87	12.33	11.9	10.5	9.25	6.95	5.37	5	4.81	3.34	2.04	1.69	2.49	3.37	3.48	3.73	4.85	7.84	5.95
34.02	34.54	34.26	33.89	34.24	34.4	34.69	34.51	34.59	34.55	34.29	34.12	33.38	33.1	32.93	33.44	32.23	30.17	28.66	24.78	21.25	18.43	17.4	16.69
27.25	25.38	25.29	21.4	17.03	13.92	14.16	14.05	15.31	16.71	17.8	18.24	19.14	22.72	25	27.68	28.96	28.85	28.89	28.36	28.41	29.33	30.93	32.35
28.06	29.02	29.79	30.89	29.35	26.59	25.41	25.92	26.78	26.55	26.04	28.2	30.06	31.23	33.25	32.93	32.8	32.3	31.9	30.28	28.6	27.64	27.57	27.42
25.21	24.34	21.45	21.04	19.47	17.11	15.37	14.52	14.1	14	14.12	14.2	13.18	13.47	14.41	13.83	14.18	14.13	13.98	14.6	15.52	17.92	21.86	22.84
15.35	13.53	12.65	11.61	11.76	16.05	19.46	21.63	22.49	25.89	28.24	30.2	31.5	32.71	33.18	32.23	30.49	26.51	24.53	24.19	22.68	22.84	24.66	25.88
0	0	0	0	0	0	0	0.77	2.88	6.23	9.84	13.38	14.16	14.61	14.69	14.72	13.48	11.9	7.37	5.01	2.11	0.14	0	0
0	0	0	0	0	0	0	0.73	2.74	6.59	11.53	14.49	17.46	18.78	19.79	22.78	21.47	19.3	14.22	8.1	2.62	0.19	0	0
0	0	0	0	0	0	0	0.57	3.03	7.86	13.81	16.21	19.76	23.56	24.81	25.15	21.1	16.14	11.51	7.01	2.47	0.26	0	0
0	0	0	0	0	0	0	1.68	5.71	12.66	18.73	24.49	24.3	20.42	19.83	16.86	14.72	12.7	9.83	5.39	1.67	0.08	0	0
0	0	0	0	0	0	0	1.08	5.4	12.01	17.88	22.83	20.68	21.46	23.36	24.15	23.97	18.94	13.27	5.96	1.82	0.03	0	0
0	0	0	0	0	0	0	0.91	3.95	7.93	10.26	13.4	17.29	19.36	21.1	23.23	23.06	18.46	13.58	7.79	2.03	0.04	0	0
