9.05	9.51	9.95	10.13	10.79	11.03	10.82	10.39	10.24	10.24	10.52	10.55	10.86	10.66	10.68	10.87	10.67	10.43	9.2	8.24	7.74	7.61	7.59	8.32
8.6	8.93	9.2	9.49	10.08	10.33	10.07	9.58	9.39	9.41	9.43	9.63	9.87	10.33	10.4	10.59	10.58	10.39	9.35	8.33	7.98	7.77	7.97	8.68
8.83	10.3	10.65	10.95	11.5	11.78	11.5	10.92	10.81	10.82	10.93	11.14	11.31	11.42	11.45	11.85	11.67	11.47	10.43	9.34	8.98	8.79	8.79	9.64
8.62	9.13	9.5	9.83	10.65	10.57	10.44	9.98	9.83	9.85	9.92	9.79	10.17	10.54	10.57	10.67	10.46	10.17	9.19	8.12	7.77	7.77	7.82	8.37
9.85	9.31	9.53	9.9	10.44	10.84	10.74	10.58	10.5	10.54	10.56	10.66	10.72	10.98	10.71	10.78	10.39	10.12	9.09	8.17	7.69	7.73	7.71	8.42
8.03	8.48	8.73	8.89	9.35	9.31	9.16	8.88	8.76	8.84	9.27	9.6	9.87	9.61	9.29	8.63	8.15	7.88	7.63	7.31	7.12	7.18	7.27	7.65
8.54	9.2	9.27	9.79	10.38	10.63	10.61	10.1	9.96	10.03	10.31	10.28	10.35	10.32	10.34	10.42	10.16	10.08	9.07	8.1	7.74	7.48	7.79	8.23
9.49	9.33	9.63	10.05	10.74	10.83	10.66	10.42	10.05	10.25	10.24	10.27	10.45	10.66	10.46	10.67	10.34	10.12	9.05	8.29	7.96	7.85	7.9	8.47
8.83	9.29	9.66	9.8	10.27	10.4	10.3	10.3	10.06	9.93	9.94	10.03	10	10.31	11.15	11.43	11.26	11.05	9.8	8.94	8.7	8.81	8.69	9.34
8.52	8.99	9.39	9.6	10.26	10.31	10.22	9.88	9.54	9.64	9.69	9.85	9.88	10.25	10.27	10.32	10.12	9.95	8.94	8.05	7.59	7.53	7.63	8.34
8.51	8.93	9.07	9.23	9.83	9.9	10.37	10.52	10.18	10.19	9.95	10.26	10.11	9.9	9.77	9.81	9.51	9.08	8.29	7.87	7.59	7.62	7.59	7.98
8.15	8.68	8.71	8.61	9.11	9.33	9.59	9.33	9.06	9.22	9.29	9.6	9.67	9.64	9.66	9.6	9.37	8.92	8.01	7.41	7.23	6.95	7.12	7.77
7.78	8.15	8.33	8.18	8.17	8.26	8.04	7.83	7.39	7.39	7.49	7.86	8.19	7.98	7.97	7.71	7.31	7.03	6.76	6.84	6.91	6.98	7.22	7.86
12.9	13.39	13.79	14.24	15.12	15.49	15.11	14.36	14.09	14.12	14.14	14.44	14.8	15.49	15.6	15.89	15.87	15.58	14.03	12.49	11.97	11.66	11.95	13.01
